1
6
5
7
0.51083255
-0.9127532
-0.7316318
0.42871892
-0.3393116
0.018871069
-0.3808223
7
0.6433675
0.8814372
0.960176
0.004667878
0.22289395
-0.70727503
-0.73948693
7
0.98159266
-0.6149813
-0.6943673
-0.6151254
-0.79999274
-0.111309946
0.10717821
7
-0.31138474
0.34863782
-0.19417751
-0.043711662
-0.8760739
-0.10610503
0.2675941
7
-0.12458372
-0.9971826
0.47078788
-0.3173144
0.09207606
-0.93865305
-0.109386146
7
7
0.9382212
-0.1513164
-0.010337651
-0.33520103
0.8822347
-0.23592544
-0.6060211
7
0.052588582
0.8363097
-0.8334904
-0.72713494
0.26805425
-0.013151765
0.35057604
7
-0.61065567
0.58855426
-0.78017837
0.5188221
0.4406079
-0.4572888
-0.6627238
7
-0.0462721
0.17714739
-0.28480166
0.5763403
0.60301745
-0.19170535
-0.1048038
7
0.22767508
-0.82787263
-0.090663254
0.253708
0.6684687
0.07493234
0.05390036
7
0.41668558
-0.7700138
-0.97578347
0.47385
0.9220158
-0.9166007
0.46810937
7
0.10590756
0.74668396
0.72090375
0.08056092
-0.5827136
0.66486466
0.43937993
7
7
-0.564049
0.9706012
0.63906276
-0.12153381
-0.5843069
0.55618215
-0.95464647
7
-0.18132734
0.7459029
-0.19567871
0.67403257
0.36545765
0.8028904
0.9341433
7
0.27337325
0.68337667
0.99720323
-0.32807457
0.44223964
0.27349603
-0.86461216
7
-0.65432477
0.46897244
0.04374075
-1.3774633E-4
-0.9219117
0.6164925
0.36218846
7
0.6931499
0.78620803
0.39189005
-0.11743939
-0.48235774
0.7327657
-0.7078283
7
-0.039000988
-0.36639488
-0.39931422
-0.8906487
0.9619858
0.8348223
-0.93994415
7
-0.09019917
0.17552125
-0.81657904
0.06489086
-0.3356058
0.24750054
0.9137778
7
7
0.7341367
-0.44552952
-0.68099475
0.5155034
0.7949698
-0.041950345
-0.11371988
7
-0.8542068
-0.53842723
-0.316082
-0.88524973
0.06868839
-0.038028955
-0.62980866
7
-0.5825003
0.9437293
-0.81274104
0.6459609
-0.38181973
-0.8774902
-0.24380994
7
0.8071884
0.2265228
-0.76047397
0.5251241
0.14582229
0.2595682
0.25564516
7
-0.9820018
-0.35009152
-0.19575346
0.7564094
0.7550963
0.83257043
-0.906204
7
-0.14213389
-0.3868181
0.5990039
-0.32414234
0.8086909
-0.08584285
-0.4089625
7
0.9416845
-0.07047051
0.39854205
0.35895348
-0.6711533
0.8405838
-0.41949046
7
7
-0.6619174
0.049934864
0.8371062
-0.14072108
0.73226523
0.90817344
0.6239717
7
-0.13999438
-0.24790168
-0.03946179
0.658844
-0.16574818
-0.9684009
-0.2839579
7
-0.005076945
-0.6138903
0.21985519
0.7223618
-0.3800218
0.49354994
0.38024592
7
0.54443073
0.8105489
-0.57703024
-0.4003687
0.7536708
0.5738957
-0.963357
7
-0.3857519
0.4684713
-0.5472323
7.5662136E-4
0.43790472
-0.1677509
-0.0016742349
7
-0.11098707
0.7052531
-0.30331612
-0.5200502
-0.7394491
-0.28405118
0.679669
7
-0.90685284
0.03251493
0.95941854
0.6074203
0.7296777
0.3944614
-0.9760238
7
4
0.81306136
-0.5268947
-0.41813236
0.13675535
4
-0.480488
-0.7925354
0.70664155
0.79027474
4
0.4807937
0.6073153
-0.23261017
0.8908608
4
-0.03153014
0.4178152
-0.9711058
0.9368298
4
-0.24247557
0.42831767
0.34246862
-0.72618973
4
0.49112296
-0.59158695
-0.94812894
-0.9954291
4
0.6623404
0.38665795
0.30211854
-0.08287102
